408.84454084 698.77425444
334.55560138 898.80824245
216.13811757 1076.31807996
59.97600662 1221.73416569
-125.51199165 1327.21708082
-330.32617124 1387.08021408
-543.42494672 1398.09632848
-753.32010794 1359.67154242
-948.69615242 1273.87734608
-1119.02030705 1145.33892678
-1255.11035256 980.98582398
-1349.62963936 789.67835599
-1397.48260825 581.72995793
-1396.08949328 368.35118177
-1345.52539764 161.04533256
-1248.51624482 -29.01167772
-1110.29182335 -191.57382643
-938.30384758 -317.87734608
-741.82423379 -401.11318121
-531.44524882 -436.79406642
-318.50847821 -422.99643595
-114.49339837 -360.46412363
69.60148493 -252.56826259
223.85156888 -105.12554664
339.94119154 73.91534924
411.61193129 274.90228401
