300.57031129 495.87929475
292.79919465 501.29926960
284.71500606 506.24014765
276.34724385 510.68390018
267.72644105 514.61431242
258.88405407 518.01704271
249.85234779 520.87967487
240.66427795 523.19176345
231.35337080 524.94487191
221.95360085 526.13260333
212.49926683 526.75062381
203.02486658 526.79667826
193.56497116 526.27059864
184.15409870 525.17430455
174.82658846 523.51179626
165.61647551 521.28914006
156.55736656 518.51444620
147.68231730 515.19783924
139.02371183 511.35142110
130.61314447 506.98922696
122.48130446 502.12717398
114.65786400 496.78300327
107.17136999 490.97621514
100.04913981 484.72799791
93.31716173 478.06115067
87.00000000 471.00000000
81.12070525 463.57031129
75.70073040 455.79919465
70.75985235 447.71500606
66.31609982 439.34724385
62.38568758 430.72644105
58.98295729 421.88405407
56.12032513 412.85234779
53.80823655 403.66427795
52.05512809 394.35337080
50.86739667 384.95360085
50.24937619 375.49926683
50.20332174 366.02486658
50.72940136 356.56497116
51.82569545 347.15409870
53.48820374 337.82658846
55.71085994 328.61647551
58.48555380 319.55736656
61.80216076 310.68231730
65.64857890 302.02371183
70.01077304 293.61314447
74.87282602 285.48130446
80.21699673 277.65786400
86.02378486 270.17136999
92.27200209 263.04913981
98.93884933 256.31716173
106.00000000 250.00000000
113.42968871 244.12070525
121.20080535 238.70073040
129.28499394 233.75985235
137.65275615 229.31609982
146.27355895 225.38568758
155.11594593 221.98295729
164.14765221 219.12032513
173.33572205 216.80823655
182.64662920 215.05512809
192.04639915 213.86739667
201.50073317 213.24937619
210.97513342 213.20332174
220.43502884 213.72940136
229.84590130 214.82569545
239.17341154 216.48820374
248.38352449 218.71085994
257.44263344 221.48555380
266.31768270 224.80216076
274.97628817 228.64857890
283.38685553 233.01077304
291.51869554 237.87282602
299.34213600 243.21699673
306.82863001 249.02378486
313.95086019 255.27200209
320.68283827 261.93884933
327.00000000 269.00000000
332.87929475 276.42968871
338.29926960 284.20080535
343.24014765 292.28499394
347.68390018 300.65275615
351.61431242 309.27355895
355.01704271 318.11594593
357.87967487 327.14765221
360.19176345 336.33572205
361.94487191 345.64662920
363.13260333 355.04639915
363.75062381 364.50073317
363.79667826 373.97513342
363.27059864 383.43502884
362.17430455 392.84590130
360.51179626 402.17341154
358.28914006 411.38352449
355.51444620 420.44263344
352.19783924 429.31768270
348.35142110 437.97628817
343.98922696 446.38685553
339.12717398 454.51869554
333.78300327 462.34213600
327.97621514 469.82863001
321.72799791 476.95086019
315.06115067 483.68283827
