473.22253010 416.97948782
474.55232093 444.42760689
471.96230179 471.78559265
465.50519798 498.49651541
455.31245753 524.01661780
441.59157523 547.82638413
424.62186869 569.44111623
404.74879219 588.42080049
382.37690425 604.37906525
357.96163201 616.99104628
332.00000000 626.00000000
305.02051218 631.22253010
277.57239311 632.55232093
250.21440735 629.96230179
223.50348459 623.50519798
197.98338220 613.31245753
174.17361587 599.59157523
152.55888377 582.62186869
133.57919951 562.74879219
117.62093475 540.37690425
105.00895372 515.96163201
96.00000000 490.00000000
90.77746990 463.02051218
89.44767907 435.57239311
92.03769821 408.21440735
98.49480202 381.50348459
108.68754247 355.98338220
122.40842477 332.17361587
139.37813131 310.55888377
159.25120781 291.57919951
181.62309575 275.62093475
206.03836799 263.00895372
232.00000000 254.00000000
258.97948782 248.77746990
286.42760689 247.44767907
313.78559265 250.03769821
340.49651541 256.49480202
366.01661780 266.68754247
389.82638413 280.40842477
411.44111623 297.37813131
430.42080049 317.25120781
446.37906525 339.62309575
458.99104628 364.03836799
