808.92511756 -697.61527798
841.94800041 -628.84212271
866.60507967 -556.64595855
882.55022400 -482.04026139
889.55959851 -406.07233167
887.53480697 -329.80859260
876.50427299 -254.31961991
856.62284111 -180.66511331
828.16960303 -109.87902060
791.54397987 -42.95502338
747.26011507 19.16741215
695.93965703 75.61622315
638.30303249 125.59899207
575.15933331 168.41407038
507.39495861 203.46042825
435.96117169 230.24609162
361.86074631 248.39504850
286.13389002 257.65252732
209.84364190 257.88857337
134.06094978 249.09987308
59.84963656 231.40980053
-11.74853361 205.06668557
-79.72847936 170.44032779
-143.13591126 128.01680534
-201.08072797 78.39165150
-252.74951127 22.26149464
-297.41694470 -39.58572089
-334.45599541 -106.28179573
-363.34671632 -176.89046320
-383.68354504 -250.42053239
-395.18099707 -325.83980230
-397.67767339 -402.08955170
-391.13852613 -478.09940127
-375.65535059 -552.80233931
-351.44549662 -625.14970034
-318.84881749 -694.12588598
-278.32289912 -758.76262181
-230.43663658 -818.15254971
-175.86224802 -871.46196531
-115.36583824 -917.94252125
-49.79664421 -956.94173241
19.92488631 -987.91213536
92.82001586 -1010.41897354
167.86545662 -1024.14630026
244.00773509 -1028.90141395
320.17798059 -1024.61756323
395.30692985 -1011.35488399
468.33993710 -989.29955516
538.25177900 -958.76118522
604.06104655 -920.16846594
664.84392189 -874.06315451
719.74714668 -821.09246842
