215.02790376 -280.74820168
243.89900708 -260.71666306
271.50796243 -238.97847706
297.75402773 -215.61296397
322.54143394 -190.70538200
345.77973449 -164.34661622
367.38413536 -136.63284691
387.27580442 -107.66519860
405.38215912 -77.54937112
421.63713136 -46.39525383
435.98140848 -14.31652474
448.36264979 18.56976434
458.73567748 52.14361492
467.06264149 86.28251966
473.31315763 120.86190938
477.46441845 155.75560767
479.50127645 190.83629118
479.41629936 225.97595431
477.20979724 261.04637624
472.88982138 295.91958881
466.47213491 330.46834344
457.98015527 364.56657547
447.44486877 398.08986416
434.90471753 430.91588666
420.40545920 462.92486437
404.00000000 494.00000000
385.74820168 524.02790376
365.71666306 552.89900708
343.97847706 580.50796243
320.61296397 606.75402773
295.70538200 631.54143394
269.34661622 654.77973449
241.63284691 676.38413536
212.66519860 696.27580442
182.54937112 714.38215912
151.39525383 730.63713136
119.31652474 744.98140848
86.43023566 757.36264979
52.85638508 767.73567748
18.71748034 776.06264149
-15.86190938 782.31315763
-50.75560767 786.46441845
-85.83629118 788.50127645
-120.97595431 788.41629936
-156.04637624 786.20979724
-190.91958881 781.88982138
-225.46834344 775.47213491
-259.56657547 766.98015527
-293.08986416 756.44486877
-325.91588666 743.90471753
-357.92486437 729.40545920
-389.00000000 713.00000000
-419.02790376 694.74820168
-447.89900708 674.71666306
-475.50796243 652.97847706
-501.75402773 629.61296397
-526.54143394 604.70538200
-549.77973449 578.34661622
-571.38413536 550.63284691
-591.27580442 521.66519860
-609.38215912 491.54937112
-625.63713136 460.39525383
-639.98140848 428.31652474
-652.36264979 395.43023566
-662.73567748 361.85638508
-671.06264149 327.71748034
-677.31315763 293.13809062
-681.46441845 258.24439233
-683.50127645 223.16370882
-683.41629936 188.02404569
-681.20979724 152.95362376
-676.88982138 118.08041119
-670.47213491 83.53165656
-661.98015527 49.43342453
-651.44486877 15.91013584
-638.90471753 -16.91588666
-624.40545920 -48.92486437
-608.00000000 -80.00000000
-589.74820168 -110.02790376
-569.71666306 -138.89900708
-547.97847706 -166.50796243
-524.61296397 -192.75402773
-499.70538200 -217.54143394
-473.34661622 -240.77973449
-445.63284691 -262.38413536
-416.66519860 -282.27580442
-386.54937112 -300.38215912
-355.39525383 -316.63713136
-323.31652474 -330.98140848
-290.43023566 -343.36264979
-256.85638508 -353.73567748
-222.71748034 -362.06264149
-188.13809062 -368.31315763
-153.24439233 -372.46441845
-118.16370882 -374.50127645
-83.02404569 -374.41629936
-47.95362376 -372.20979724
-13.08041119 -367.88982138
21.46834344 -361.47213491
55.56657547 -352.98015527
89.08986416 -342.44486877
121.91588666 -329.90471753
153.92486437 -315.40545920
