283.76852450 96.10726668
282.36166725 99.13916225
280.78401712 102.08579731
279.04072008 104.93756055
277.13746241 107.68515010
275.08045214 110.31960390
272.87639879 112.83232891
270.53249155 115.21512914
268.05637575 117.46023240
265.45612796 119.56031562
262.74022964 121.50852876
259.91753951 123.29851717
256.99726458 124.92444227
253.98893018 126.38100063
250.90234888 127.66344127
247.74758846 128.76758112
244.53493910 129.68981871
241.27487979 130.42714590
237.97804416 130.97715767
234.65518581 131.33806000
231.31714321 131.50867571
227.97480436 131.48844828
224.63907129 131.27744369
221.32082444 130.87635019
218.03088727 130.28647607
214.77999085 129.50974537
211.57873894 128.54869162
208.43757335 127.40644959
205.36673992 126.08674503
202.37625506 124.59388254
199.47587311 122.93273153
196.67505453 121.10871032
193.98293498 119.12776851
191.40829562 116.99636750
188.95953438 114.72145948
186.64463860 112.31046474
184.47115900 109.77124743
182.44618502 107.11208996
180.57632170 104.34166593
178.86766815 101.46901191
177.32579763 98.50349789
175.95573941 95.45479676
174.76196234 92.33285275
173.74836026 89.14784899
172.91823935 85.91017430
172.27430727 82.63038931
171.81866440 79.31919199
171.55279695 75.98738279
171.47757214 72.64582935
171.59323531 69.30543115
171.89940922 65.97708387
172.39509518 62.67164388
173.07867636 59.39989284
173.94792307 56.17250252
175.00000000 53.00000000
176.23147550 49.89273332
177.63833275 46.86083775
179.21598288 43.91420269
180.95927992 41.06243945
182.86253759 38.31484990
184.91954786 35.68039610
187.12360121 33.16767109
189.46750845 30.78487086
191.94362425 28.53976760
194.54387204 26.43968438
197.25977036 24.49147124
200.08246049 22.70148283
203.00273542 21.07555773
206.01106982 19.61899937
209.09765112 18.33655873
212.25241154 17.23241888
215.46506090 16.31018129
218.72512021 15.57285410
222.02195584 15.02284233
225.34481419 14.66194000
228.68285679 14.49132429
232.02519564 14.51155172
235.36092871 14.72255631
238.67917556 15.12364981
241.96911273 15.71352393
245.22000915 16.49025463
248.42126106 17.45130838
251.56242665 18.59355041
254.63326008 19.91325497
257.62374494 21.40611746
260.52412689 23.06726847
263.32494547 24.89128968
266.01706502 26.87223149
268.59170438 29.00363250
271.04046562 31.27854052
273.35536140 33.68953526
275.52884100 36.22875257
277.55381498 38.88791004
279.42367830 41.65833407
281.13233185 44.53098809
282.67420237 47.49650211
284.04426059 50.54520324
285.23803766 53.66714725
286.25163974 56.85215101
287.08176065 60.08982570
287.72569273 63.36961069
288.18133560 66.68080801
288.44720305 70.01261721
288.52242786 73.35417065
288.40676469 76.69456885
288.10059078 80.02291613
287.60490482 83.32835612
286.92132364 86.60010716
286.05207693 89.82749748
