363.75980696 -162.99251743
371.79048165 -144.15023719
378.02145023 -124.63874594
382.39795472 -104.62951135
384.88153424 -84.29837529
385.45036300 -63.82400853
384.09944212 -43.38634053
380.84064353 -23.16497825
375.70260568 -3.33762776
368.73048182 15.92146748
359.98554324 34.44305784
349.54464077 52.06437493
337.49952942 68.63056198
323.95606209 83.99603473
309.03325923 98.02576087
292.86226299 110.59644665
275.58518465 121.59762043
257.35385581 130.93260351
238.32849403 138.51935972
218.67629489 144.29121637
198.56996260 148.19745017
178.18619235 150.20373301
157.70411744 150.29243360
137.30373508 148.46277243
117.16432456 144.73082864
97.46287175 139.12939867
78.37251372 131.70770810
60.06101723 122.53097902
42.68930437 111.67985683
26.41003837 99.24970161
11.36628200 85.34974999
-2.30975965 70.10215526
-14.49790105 53.64091382
-25.09103237 36.11068766
-33.99606079 17.66553303
-41.13472860 -1.53245339
-46.44430093 -21.31455899
-49.87811707 -41.50693793
-51.40600052 -61.93213885
-51.01452418 -82.41066435
-48.70712836 -102.76254842
-44.50409055 -122.80893796
-38.44234718 -142.37366458
-30.57516908 -161.28479277
-20.97169329 -179.37613084
-9.71631550 -196.48869147
3.09205162 -212.47208886
17.34084769 -227.18586033
32.90485377 -240.50070075
49.64729282 -252.29959880
67.42103168 -262.47886535
86.06987409 -270.94904464
105.42993336 -277.63570043
125.33107258 -282.48007014
145.59839984 -285.43958129
166.05380513 -286.48822558
186.51752562 -285.61678748
206.80972539 -282.83292523
226.75207586 -278.16110351
246.16932294 -271.64237846
264.89082716 -263.33403686
282.75206328 -253.30909273
299.59606610 -241.65564562
315.27480992 -228.47610646
329.65050938 -213.88629750
342.59683032 -198.01443451
