271.72501076 237.05127279
269.19506813 241.97979418
266.41677244 246.77270622
263.39737194 251.41750475
260.14474390 255.90207203
256.66737406 260.21470833
252.97433449 264.34416246
249.07525989 268.27966117
244.98032251 272.01093718
240.70020557 275.52825602
236.24607541 278.82244140
231.62955235 281.88489917
226.86268036 284.70763974
221.95789568 287.28329888
216.92799433 289.60515701
211.78609874 291.66715666
206.54562353 293.46391830
201.22024050 294.99075439
195.82384298 296.24368159
190.37050954 297.21943116
184.87446731 297.91545747
179.35005484 298.32994467
173.81168469 298.46181142
168.27380583 298.31071369
162.75086595 297.87704567
157.25727378 297.16193876
151.80736148 296.16725858
146.41534723 294.89560015
141.09529819 293.35028108
135.86109376 291.53533292
130.72638939 289.45549067
125.70458092 287.11618040
120.80876969 284.52350511
116.05172830 281.68422878
111.44586734 278.60575877
107.00320297 275.29612645
102.73532559 271.76396628
98.65336961 268.01849325
94.76798439 264.06947889
91.08930645 259.92722571
87.62693304 255.60254038
84.38989710 251.10670551
81.38664369 246.45145023
78.62500795 241.64891956
76.11219468 236.71164275
73.85475951 231.65250061
71.85859184 226.48469184
70.12889944 221.22169868
68.67019488 215.87725167
67.48628376 210.46529387
66.58025476 204.99994445
65.95447162 199.49546189
65.61056692 193.96620675
65.54943787 188.42660424
65.77124396 182.89110653
66.27540652 177.37415512
67.06061024 171.89014309
68.12480662 166.45337761
69.46521929 161.07804258
71.07835126 155.77816163
72.95999407 150.56756156
75.10523871 145.45983621
77.50848850 140.46831107
80.16347362 135.60600844
83.06326753 130.88561353
86.20030499 126.31944131
89.56640182 121.91940439
93.15277628 117.69698197
96.95007191 113.66318987
100.94838200 109.82855179
105.13727543 106.20307187
109.50582384 102.79620856
114.04263019 99.61684999
118.73585848 96.67329074
123.57326460 93.97321021
128.54222831 91.52365262
133.62978616 89.33100857
138.82266529 87.40099843
144.10731807 85.73865737
149.46995744 84.34832225
154.89659290 83.23362029
160.37306696 82.39745962
165.88509213 81.84202170
171.41828817 81.56875559
176.95821961 81.57837422
182.49043338 81.87085249
188.00049659 82.44542736
193.47403410 83.30059983
198.89676607 84.43413886
204.25454523 85.84308716
209.53339373 87.52376895
214.71953967 89.47179953
219.79945297 91.68209671
224.75988074 94.14889407
229.58788176 96.86575602
234.27086036 99.82559459
238.79659916 103.02068787
243.15329103 106.44270026
247.32956986 110.08270410
251.31454021 113.93120303
255.09780576 117.97815678
258.66949639 122.21300729
262.02029397 126.62470632
265.14145666 131.20174426
268.02484169 135.93218013
270.66292665 140.80367278
273.04882906 145.80351302
275.17632439 150.91865685
277.03986225 156.13575945
278.63458086 161.44120998
279.95631981 166.82116713
281.00163081 172.26159521
281.76778677 177.74830077
282.25278889 183.26696961
282.45537183 188.80320415
282.37500710 194.34256100
282.01190435 199.87058861
281.36701087 205.37286497
280.44200912 210.83503529
279.23931232 216.24284938
277.76205817 221.58219887
276.01410065 226.83915401
