278.45765583 -389.89025542
274.78819631 -386.93157659
270.99805891 -384.12915404
267.09389284 -381.48790417
263.08254732 -379.01246064
258.97105961 -376.70716620
254.76664267 -374.57606514
250.47667246 -372.62289612
246.10867505 -370.85108567
241.67031341 -369.26374214
237.16937391 -367.86365028
232.61375273 -366.65326632
228.01144199 -365.63471369
223.37051571 -364.80977928
218.69911563 -364.17991029
214.00543699 -363.74621174
209.29771410 -363.50944448
204.58420589 -363.47002387
199.87318147 -363.62801909
195.17290557 -363.98315294
190.49162407 -364.53480240
185.83754953 -365.28199970
181.21884679 -366.22343399
176.64361860 -367.35745368
172.11989149 -368.68206931
167.65560159 -370.19495706
163.25858080 -371.89346281
158.93654299 -373.77460680
154.69707047 -375.83508887
150.54760072 -378.07129423
146.49541332 -380.47929981
142.54761719 -383.05488116
138.71113810 -385.79351983
134.99270653 -388.69041132
131.39884589 -391.74047350
127.93586102 -394.93835552
124.60982718 -398.27844721
121.42657936 -401.75488891
118.39170206 -405.36158176
115.51051948 -409.09219840
112.78808619 -412.94019407
110.22917828 -416.89881806
107.83828493 -420.96112560
105.61960059 -425.11999003
103.57701758 -429.36811529
101.71411928 -433.69804873
100.03417385 -438.10219415
98.54012849 -442.57282521
97.23460425 -447.10209889
96.11989149 -451.68206931
95.19794576 -456.30470165
94.47038450 -460.96188622
93.93848407 -465.64545276
93.60317763 -470.34718470
93.46505340 -475.05883359
93.52435371 -479.77213361
93.78097452 -484.47881603
94.23446564 -489.17062372
94.88403148 -493.83932566
95.72853249 -498.47673136
96.76648712 -503.07470524
97.99607445 -507.62518088
99.41513737 -512.12017521
101.02118635 -516.55180248
102.81140384 -520.91228811
104.78264920 -525.19398232
106.93146418 -529.38937358
109.25407904 -533.49110173
111.74641912 -537.49197095
114.40411201 -541.38496236
117.22249521 -545.16324633
120.19662431 -548.82019446
123.32128170 -552.34939122
126.59098565 -555.74464521
130.00000000 -559.00000000
133.54234417 -562.10974458
137.21180369 -565.06842341
141.00194109 -567.87084596
144.90610716 -570.51209583
148.91745268 -572.98753936
153.02894039 -575.29283380
157.23335733 -577.42393486
161.52332754 -579.37710388
165.89132495 -581.14891433
170.32968659 -582.73625786
174.83062609 -584.13634972
179.38624727 -585.34673368
183.98855801 -586.36528631
188.62948429 -587.19022072
193.30088437 -587.82008971
197.99456301 -588.25378826
202.70228590 -588.49055552
207.41579411 -588.52997613
212.12681853 -588.37198091
216.82709443 -588.01684706
221.50837593 -587.46519760
226.16245047 -586.71800030
230.78115321 -585.77656601
235.35638140 -584.64254632
239.88010851 -583.31793069
244.34439841 -581.80504294
248.74141920 -580.10653719
253.06345701 -578.22539320
257.30292953 -576.16491113
261.45239928 -573.92870577
265.50458668 -571.52070019
269.45238281 -568.94511884
273.28886190 -566.20648017
277.00729347 -563.30958868
280.60115411 -560.25952650
284.06413898 -557.06164448
287.39017282 -553.72155279
290.57342064 -550.24511109
293.60829794 -546.63841824
296.48948052 -542.90780160
299.21191381 -539.05980593
301.77082172 -535.10118194
304.16171507 -531.03887440
306.38039941 -526.88000997
308.42298242 -522.63188471
310.28588072 -518.30195127
311.96582615 -513.89780585
313.45987151 -509.42717479
314.76539575 -504.89790111
315.88010851 -500.31793069
316.80205424 -495.69529835
317.52961550 -491.03811378
318.06151593 -486.35454724
318.39682237 -481.65281530
318.53494660 -476.94116641
318.47564629 -472.22786639
318.21902548 -467.52118397
317.76553436 -462.82937628
317.11596852 -458.16067434
316.27146751 -453.52326864
315.23351288 -448.92529476
314.00392555 -444.37481912
312.58486263 -439.87982479
310.97881365 -435.44819752
309.18859616 -431.08771189
307.21735080 -426.80601768
305.06853582 -422.61062642
302.74592096 -418.50889827
300.25358088 -414.50802905
297.59588799 -410.61503764
294.77750479 -406.83675367
291.80337569 -403.17980554
288.67871830 -399.65060878
285.40901435 -396.25535479
