713.24176232 415.98316507
686.38255812 445.16380934
657.55324275 472.39976766
626.89426973 497.55834918
594.55500649 520.51698380
560.69300668 541.16381938
525.47324256 559.39826661
489.06730127 575.13148909
451.65254891 588.28683614
413.41126638 598.80021623
374.52976137 606.62040924
335.19746066 611.70931597
295.60598728 614.04214378
255.94822689 613.60752736
216.41738812 610.40758413
177.20606124 604.45790387
138.50527990 595.78747285
100.50359041 584.43853252
63.38613319 570.46637379
27.33374074 553.93906760
-7.47794328 534.93713334
-40.87931986 513.55314650
-72.70766086 489.89128774
-102.80790178 464.06683524
-131.03339729 436.20560314
-157.24663560 406.44332857
-181.31990846 374.92501034
-203.13593330 341.80420251
-222.58842463 307.24226635
-239.58261188 271.40758413
-254.03570108 234.47473881
-265.87727822 196.62366351
-275.04965234 158.03876486
-281.50813654 118.90802461
-285.22126575 79.42208380
-286.17094996 39.77331395
-284.35256242 0.15487989
-279.77496213 -39.24020135
-272.46045069 -78.22000090
-262.44466367 -116.59461309
-249.77639697 -154.17708067
-234.51736912 -190.78430564
-216.74192057 -226.23794127
-196.53665152 -260.36526101
-174.00000000 -293.00000000
-149.24176232 -323.98316507
-122.38255812 -353.16380934
-93.55324275 -380.39976766
-62.89426973 -405.55834918
-30.55500649 -428.51698380
3.30699332 -449.16381938
38.52675744 -467.39826661
74.93269873 -483.13148909
112.34745109 -496.28683614
150.58873362 -506.80021623
189.47023863 -514.62040924
228.80253934 -519.70931597
268.39401272 -522.04214378
308.05177311 -521.60752736
347.58261188 -518.40758413
386.79393876 -512.45790387
425.49472010 -503.78747285
463.49640959 -492.43853252
500.61386681 -478.46637379
536.66625926 -461.93906760
571.47794328 -442.93713334
604.87931986 -421.55314650
636.70766086 -397.89128774
666.80790178 -372.06683524
695.03339729 -344.20560314
721.24663560 -314.44332857
745.31990846 -282.92501034
767.13593330 -249.80420251
786.58842463 -215.24226635
803.58261188 -179.40758413
818.03570108 -142.47473881
829.87727822 -104.62366351
839.04965234 -66.03876486
845.50813654 -26.90802461
849.22126575 12.57791620
850.17094996 52.22668605
848.35256242 91.84512011
843.77496213 131.24020135
836.46045069 170.22000090
826.44466367 208.59461309
813.77639697 246.17708067
798.51736912 282.78430564
780.74192057 318.23794127
760.53665152 352.36526101
