316.66659456 394.96836335
301.78803362 402.99995579
286.42545639 410.06177380
270.64199099 416.12479884
254.50249506 421.16411664
238.07328926 425.15901958
221.42188471 428.09309172
204.61670562 429.95427635
187.72680805 430.73492545
170.82159624 430.43183117
153.97053731 429.04623899
137.24287588 426.58384261
120.70734951 423.05476054
104.43190621 418.47349453
88.48342528 412.85886999
72.92744244 406.23395862
57.82788057 398.62598360
43.24678700 390.06620773
29.24407857 380.58980496
15.87729542 370.23571587
3.20136452 359.04648763
-8.73162600 347.06809917
-19.87264093 334.34977228
-30.17589944 320.94376927
-39.59906325 306.90517829
-48.10341054 292.29168693
-55.65399514 277.16334515
-62.21979006 261.58231855
-67.77381505 245.61263292
-72.29324743 229.31991112
-75.75951588 212.77110344
-78.15837676 196.03421247
-79.47997264 179.17801370
-79.71887279 162.27177286
-78.87409553 145.38496132
-76.94911223 128.58697060
-73.95183305 111.94682727
-69.89457445 95.53290923
-64.79400859 79.41266479
-58.67109478 63.65233551
-51.55099340 48.31668394
-43.46296245 33.46872758
-34.44023740 19.16947986
-24.51989456 5.47769945
-13.74269874 -7.55035117
-2.15293576 -19.86113696
10.20176956 -31.40407026
23.27064909 -42.13171868
37.00000000 -52.00000000
51.33340544 -60.96836335
66.21196638 -68.99995579
81.57454361 -76.06177380
97.35800901 -82.12479884
113.49750494 -87.16411664
129.92671074 -91.15901958
146.57811529 -94.09309172
163.38329438 -95.95427635
180.27319195 -96.73492545
197.17840376 -96.43183117
214.02946269 -95.04623899
230.75712412 -92.58384261
247.29265049 -89.05476054
263.56809379 -84.47349453
279.51657472 -78.85886999
295.07255756 -72.23395862
310.17211943 -64.62598360
324.75321300 -56.06620773
338.75592143 -46.58980496
352.12270458 -36.23571587
364.79863548 -25.04648763
376.73162600 -13.06809917
387.87264093 -0.34977228
398.17589944 13.05623073
407.59906325 27.09482171
416.10341054 41.70831307
423.65399514 56.83665485
430.21979006 72.41768145
435.77381505 88.38736708
440.29324743 104.68008888
443.75951588 121.22889656
446.15837676 137.96578753
447.47997264 154.82198630
447.71887279 171.72822714
446.87409553 188.61503868
444.94911223 205.41302940
441.95183305 222.05317273
437.89457445 238.46709077
432.79400859 254.58733521
426.67109478 270.34766449
419.55099340 285.68331606
411.46296245 300.53127242
402.44023740 314.83052014
392.51989456 328.52230055
381.74269874 341.55035117
370.15293576 353.86113696
357.79823044 365.40407026
344.72935091 376.13171868
