398.97085458 -368.43915410
429.08819544 -355.64575427
458.19133353 -340.68805882
486.12499102 -323.64587354
512.74012975 -304.61012586
537.89474645 -283.68237973
561.45463036 -260.97429373
583.29407930 -236.60702532
603.29657036 -210.71058442
621.35538159 -183.42313975
637.37416143 -154.89028163
651.26744275 -125.26424522
662.96109888 -94.70309822
672.39273912 -63.36989758
679.51204158 -31.43181949
684.28102169 0.94073259
686.67423490 33.57503709
686.67891237 66.29697587
684.29502914 98.93196324
679.53530426 131.30587741
672.42513293 163.24598955
663.00245098 194.58188533
651.31753250 225.14637420
637.43272158 254.77638138
621.42209971 283.31381797
603.37109047 310.60642438
583.37600381 336.50858277
561.54352216 360.88209390
537.99013127 383.59691456
512.84149867 404.53185133
486.23180318 423.57520728
458.30301906 440.62537786
429.20415844 455.59139304
399.09047634 468.39340265
368.12264228 478.96310243
336.46588306 487.24409846
304.28910118 493.19220804
271.76397370 496.77569543
239.06403624 497.97544118
206.36375712 496.78504412
173.83760648 493.21085554
141.65912540 487.27194528
110.00000000 479.00000000
79.02914542 468.43915410
48.91180456 455.64575427
19.80866647 440.68805882
-8.12499102 423.64587354
-34.74012975 404.61012586
-59.89474645 383.68237973
-83.45463036 360.97429373
-105.29407930 336.60702532
-125.29657036 310.71058442
-143.35538159 283.42313975
-159.37416143 254.89028163
-173.26744275 225.26424522
-184.96109888 194.70309822
-194.39273912 163.36989758
-201.51204158 131.43181949
-206.28102169 99.05926741
-208.67423490 66.42496291
-208.67891237 33.70302413
-206.29502914 1.06803676
-201.53530426 -31.30587741
-194.42513293 -63.24598955
-185.00245098 -94.58188533
-173.31753250 -125.14637420
-159.43272158 -154.77638138
-143.42209971 -183.31381797
-125.37109047 -210.60642438
-105.37600381 -236.50858277
-83.54352216 -260.88209390
-59.99013127 -283.59691456
-34.84149867 -304.53185133
-8.23180318 -323.57520728
19.69698094 -340.62537786
48.79584156 -355.59139304
78.90952366 -368.39340265
109.87735772 -378.96310243
141.53411694 -387.24409846
173.71089882 -393.19220804
206.23602630 -396.77569543
238.93596376 -397.97544118
271.63624288 -396.78504412
304.16239352 -393.21085554
336.34087460 -387.27194528
