333.49304856 465.23036910
294.30586316 479.74156100
254.51515455 492.50516938
214.19881492 503.49620887
173.43576539 512.69316399
132.30580155 520.07803127
90.88943724 525.63635448
49.26774692 529.35725296
7.52220702 531.23344285
-34.26546362 531.26125145
-76.01346365 529.44062430
-117.64006942 525.77512537
-159.06379489 520.27193005
-200.20355116 512.94181110
-240.97880524 503.79911757
-281.30973765 492.86174671
-321.11739870 480.15110895
-360.32386301 465.69208595
-398.85238210 449.51298193
-436.62753458 431.64546824
-473.57537382 412.12452138
-509.62357267 390.98835452
-544.70156511 368.27834271
-578.74068432 344.03894185
-611.67429711 318.31760171
-643.43793440 291.16467302
-673.96941738 262.63330892
-703.20897923 232.77936089
-731.09938214 201.66126943
-757.58602933 169.33994968
-782.61707195 135.87867212
-806.14351056 101.34293879
-828.11929104 65.80035500
-848.50139479 29.32049704
-867.24992286 -8.02522407
-884.32817414 -46.16370233
-899.70271715 -85.02027986
-913.34345550 -124.51889309
-925.22368681 -164.58222164
-935.32015495 -205.13183966
-943.61309562 -246.08836936
-950.08627501 -287.37163642
-954.72702155 -328.90082689
-957.52625078 -370.59464545
-958.47848306 -412.37147448
-957.58185435 -454.14953388
-954.83811986 -495.84704114
-950.25265056 -537.38237142
-943.83442273 -578.67421737
-935.59600036 -619.64174826
-925.55351054 -660.20476822
-913.72661191 -700.28387324
-900.13845619 -739.80060658
-884.81564283 -778.67761240
-867.78816695 -816.83878711
-849.08936064 -854.20942843
-828.75582770 -890.71638158
-806.82737196 -926.28818248
-783.34691941 -960.85519766
-758.36043413 -994.34976056
-731.91682835 -1026.70630400
-704.06786667 -1057.86148853
-674.86806473 -1087.75432642
-644.37458252 -1116.32630103
-612.64711246 -1143.52148137
-579.74776257 -1169.28663161
-545.74093486 -1193.57131525
-510.69319930 -1216.32799389
-474.67316348 -1237.51212025
-437.75133831 -1257.08222542
-400.00000000 -1275.00000000
-361.49304856 -1291.23036910
-322.30586316 -1305.74156100
-282.51515455 -1318.50516938
-242.19881492 -1329.49620887
-201.43576539 -1338.69316399
-160.30580155 -1346.07803127
-118.88943724 -1351.63635448
-77.26774692 -1355.35725296
-35.52220702 -1357.23344285
6.26546362 -1357.26125145
48.01346365 -1355.44062430
89.64006942 -1351.77512537
131.06379489 -1346.27193005
172.20355116 -1338.94181110
212.97880524 -1329.79911757
253.30973765 -1318.86174671
293.11739870 -1306.15110895
332.32386301 -1291.69208595
370.85238210 -1275.51298193
408.62753458 -1257.64546824
445.57537382 -1238.12452138
481.62357267 -1216.98835452
516.70156511 -1194.27834271
550.74068432 -1170.03894185
583.67429711 -1144.31760171
615.43793440 -1117.16467302
645.96941738 -1088.63330892
675.20897923 -1058.77936089
703.09938214 -1027.66126943
729.58602933 -995.33994968
754.61707195 -961.87867212
778.14351056 -927.34293879
800.11929104 -891.80035500
820.50139479 -855.32049704
839.24992286 -817.97477593
856.32817414 -779.83629767
871.70271715 -740.97972014
885.34345550 -701.48110691
897.22368681 -661.41777836
907.32015495 -620.86816034
915.61309562 -579.91163064
922.08627501 -538.62836358
926.72702155 -497.09917311
929.52625078 -455.40535455
930.47848306 -413.62852552
929.58185435 -371.85046612
926.83811986 -330.15295886
922.25265056 -288.61762858
915.83442273 -247.32578263
907.59600036 -206.35825174
897.55351054 -165.79523178
885.72661191 -125.71612676
872.13845619 -86.19939342
856.81564283 -47.32238760
839.78816695 -9.16121289
821.08936064 28.20942843
800.75582770 64.71638158
778.82737196 100.28818248
755.34691941 134.85519766
730.36043413 168.34976056
703.91682835 200.70630400
676.06786667 231.86148853
646.86806473 261.75432642
616.37458252 290.32630103
584.64711246 317.52148137
551.74776257 343.28663161
517.74093486 367.57131525
482.69319930 390.32799389
446.67316348 411.51212025
409.75133831 431.08222542
