395.20933736 56.74580713
401.96895683 74.12748774
407.23015520 92.01980642
410.95502542 110.29384861
413.11672971 128.81794942
413.69969294 147.45864227
412.69971485 166.08162055
410.12400030 184.55270527
405.99110738 202.73881185
400.33081367 220.50890896
393.18390172 237.73496265
384.60186519 254.29285881
374.64653786 270.06329742
363.38964808 284.93265210
350.91230200 298.79378882
337.30439920 311.54683777
322.66398491 323.09991293
307.09654367 333.36977414
290.71423923 342.28242681
273.63510649 349.77365508
255.98220098 355.78948447
237.88271229 360.28657079
219.46704765 363.23251244
200.86789236 364.60608383
182.21925374 364.39738836
163.65549566 362.60792967
145.31037044 359.25060087
127.31605511 354.34959158
109.80219913 347.94021368
92.89499024 340.06864690
76.71624526 330.79160604
61.38253242 320.17593240
47.00433147 308.29811216
33.68523769 295.24372528
21.52121544 281.10682891
10.59990678 265.98927972
1.00000000 250.00000000
-7.20933736 233.25419287
-13.96895683 215.87251226
-19.23015520 197.98019358
-22.95502542 179.70615139
-25.11672971 161.18205058
-25.69969294 142.54135773
-24.69971485 123.91837945
-22.12400030 105.44729473
-17.99110738 87.26118815
-12.33081367 69.49109104
-5.18390172 52.26503735
3.39813481 35.70714119
13.35346214 19.93670258
24.61035192 5.06734790
37.08769800 -8.79378882
50.69560080 -21.54683777
65.33601509 -33.09991293
80.90345633 -43.36977414
97.28576077 -52.28242681
114.36489351 -59.77365508
132.01779902 -65.78948447
150.11728771 -70.28657079
168.53295235 -73.23251244
187.13210764 -74.60608383
205.78074626 -74.39738836
224.34450434 -72.60792967
242.68962956 -69.25060087
260.68394489 -64.34959158
278.19780087 -57.94021368
295.10500976 -50.06864690
311.28375474 -40.79160604
326.61746758 -30.17593240
340.99566853 -18.29811216
354.31476231 -5.24372528
366.47878456 8.89317109
377.40009322 24.01072028
