253.61375109 388.32761425
241.25961429 430.34477307
223.17804881 470.23366027
199.72099176 507.21788401
171.34500806 540.57758847
138.60240398 569.66346493
102.13047705 593.90938989
62.63911183 612.84344401
20.89696285 626.09709747
-22.28350646 633.41238296
-66.06183738 634.64691678
-109.58593449 629.77667013
-152.00865075 618.89643683
-192.50427625 602.21798824
-230.28460969 580.06595138
-264.61429986 552.87149047
-294.82515840 521.16391475
-320.32916529 485.56037610
-340.62991407 446.75385692
-355.33227375 405.49968196
-364.15007961 362.60081681
-366.91170310 318.89223908
-363.56339236 275.22468651
-354.17031845 232.44809836
-338.91530687 191.39507224
-318.09527906 152.86465862
-292.11547318 117.60680817
-261.48155661 86.30777484
-226.78978369 59.57675871
-188.71539031 37.93404862
-147.99945123 21.80089528
-105.43445589 11.49131218
-61.84888351 7.20596363
-18.09107768 9.02825906
24.98726568 16.92272957
66.54767563 30.73571826
105.78122606 50.19837103
141.92428053 74.93186947
174.27335560 104.45480418
202.19881333 138.19254480
225.15711644 175.48842460
242.70140768 215.61652170
254.49020737 257.79578833
260.29405994 301.20525305
