378.60132533 698.84627385
356.29316573 707.67185881
333.26584657 714.40145809
309.71582881 718.97765712
285.84403289 721.36141339
261.85412456 721.53238952
237.95077727 719.48912682
214.33792594 715.24905768
191.21702709 708.84835687
168.78534009 700.34163291
147.23424417 689.80146218
126.74760569 677.31776970
107.50020943 662.99706192
89.65626737 646.96151808
73.36801775 629.34794779
58.77442617 610.30662380
46.00000000 590.00000000
35.15372615 568.60132533
26.32814119 546.29316573
19.59854191 523.26584657
15.02234288 499.71582881
12.63858661 475.84403289
12.46761048 451.85412456
14.51087318 427.95077727
18.75094232 404.33792594
25.15164313 381.21702709
33.65836709 358.78534009
44.19853782 337.23424417
56.68223030 316.74760569
71.00293808 297.50020943
87.03848192 279.65626737
104.65205221 263.36801775
123.69337620 248.77442617
144.00000000 236.00000000
165.39867467 225.15372615
187.70683427 216.32814119
210.73415343 209.59854191
234.28417119 205.02234288
258.15596711 202.63858661
282.14587544 202.46761048
306.04922273 204.51087318
329.66207406 208.75094232
352.78297291 215.15164313
375.21465991 223.65836709
396.76575583 234.19853782
417.25239431 246.68223030
436.49979057 261.00293808
454.34373263 277.03848192
470.63198225 294.65205221
485.22557383 313.69337620
498.00000000 334.00000000
508.84627385 355.39867467
517.67185881 377.70683427
524.40145809 400.73415343
528.97765712 424.28417119
531.36141339 448.15596711
531.53238952 472.14587544
529.48912682 496.04922273
525.24905768 519.66207406
518.84835687 542.78297291
510.34163291 565.21465991
499.80146218 586.76575583
487.31776970 607.25239431
472.99706192 626.49979057
456.96151808 644.34373263
439.34794779 660.63198225
420.30662380 675.22557383
