770.19961896 -282.20447432
785.80326524 -267.73829285
800.78319611 -252.62717593
815.11277780 -236.89799058
828.76653285 -220.57870272
841.72018537 -203.69832743
853.95070425 -186.28687743
865.43634406 -168.37530961
876.15668376 -149.99547011
886.09266297 -131.18003761
895.22661590 -111.96246525
903.54230269 -92.37692118
911.02493837 -72.45822778
917.66121908 -52.24179977
923.43934575 -31.76358121
928.34904510 -11.05998162
932.38158784 9.83218874
935.52980428 30.87578436
937.78809698 52.03339049
939.15245080 73.26738969
939.62043996 94.54002868
939.19123239 115.81348548
937.86559121 137.04993666
935.64587336 158.21162459
932.53602542 179.26092456
928.54157658 200.16041168
923.66962883 220.87292742
917.92884431 241.36164570
911.32942993 261.59013830
903.88311921 281.52243973
895.60315141 301.12311106
886.50424802 320.35730302
876.60258655 339.19081792
865.91577179 357.59017045
854.46280452 375.52264725
842.26404770 392.95636502
829.34119025 409.86032724
815.71720856 426.20447929
801.41632557 441.95976187
786.46396772 457.09816265
770.88671977 471.59276611
754.71227748 485.41780137
737.96939843 498.54868803
720.68785085 510.96207985
702.89836070 522.63590628
684.63255703 533.54941166
665.92291579 543.68319220
646.80270203 553.01923040
627.30591080 561.54092711
607.46720667 569.23313109
587.32186215 576.08216586
566.90569491 582.07585410
546.25500416 587.20353925
525.40650608 591.45610446
504.39726852 594.82598884
483.26464516 597.30720085
462.04620901 598.89532899
440.77968570 599.58754962
419.50288631 599.38263200
398.25364023 598.28094047
377.06972783 596.28443380
355.98881334 593.39666169
335.04837786 589.62275851
314.28565272 584.96943411
293.73755328 579.44496194
273.44061332 573.05916430
253.43092005 565.82339492
233.74404997 557.75051872
214.41500564 548.85488899
195.47815337 539.15232183
176.96716220 528.66006805
158.91494401 517.39678249
141.35359496 505.38249087
124.31433852 492.63855415
107.82746983 479.18763060
91.92230197 465.05363546
76.62711374 450.26169846
61.96909942 434.83811912
47.97432042 418.81032001
34.66765896 402.20679797
22.07277380 385.05707346
10.21205817 367.39163805
-0.89340000 349.24190025
-11.22385560 330.64012962
-20.76094148 311.61939945
-29.48770104 292.21352789
-37.38861841 272.45701788
-44.44964606 252.38499576
-50.65822974 232.03314886
-56.00333080 211.43766203
-60.47544587 190.63515328
-64.06662367 169.66260872
-66.77047922 148.55731677
-68.58220518 127.35680186
-69.49858035 106.09875773
-69.51797546 84.82098043
-68.64035602 63.56130104
-66.86728240 42.35751852
-64.20190707 21.24733241
-60.64896897 0.26827585
-56.21478509 -20.54235117
-50.90723924 -41.14754809
-44.73576806 -61.51067965
-37.71134419 -81.59554093
-29.84645680 -101.36642178
-21.15508937 -120.78817030
-11.65269484 -139.82625533
-1.35616812 -158.44682785
9.71618395 -176.61678115
21.54467512 -194.30380973
34.10827477 -211.47646670
47.38464527 -228.10421969
61.35018173 -244.15750517
75.98005394 -259.60778098
91.24825050 -274.42757710
107.12762514 -288.59054446
123.58994489 -302.07150184
140.60594035 -314.84648058
158.14535771 -326.89276723
176.17701252 -338.18894394
194.66884515 -348.71492651
213.58797781 -358.45200014
232.90077296 -367.38285266
252.57289317 -375.49160534
272.56936211 -382.76384111
292.85462680 -389.18663021
313.39262077 -394.74855316
334.14682823 -399.43972104
355.08034895 -403.25179315
376.15596389 -406.17799175
397.33620138 -408.21311417
418.58340372 -409.35354204
439.85979418 -409.59724771
461.12754410 -408.94379790
482.34884020 -407.39435440
503.48595179 -404.95167207
524.50129786 -401.62009392
545.35751389 -397.40554336
566.01751828 -392.31551371
586.44457831 -386.35905487
606.60237540 -379.54675719
626.45506974 -371.89073269
645.96736394 -363.40459351
665.10456587 -354.10342769
683.83265028 -344.00377237
702.11831932 -333.12358436
719.92906174 -321.48220824
737.23321068 -309.10034195
