284.73540051 557.96170012
268.05318974 562.62891654
251.05621909 565.97287433
233.84928052 567.97295685
216.53846053 568.61683295
199.23048608 567.90053291
182.03206660 565.82847296
165.04923606 562.41342805
148.38669925 557.67645304
132.14718626 551.64675298
116.43081908 544.36150297
101.33449434 535.86561900
86.95128591 526.21148101
73.36987104 515.45860998
60.67398369 503.67330093
48.94189820 490.92821422
38.24594680 477.30192754
28.65207358 462.87845148
20.21942796 447.74671156
13.00000000 432.00000000
7.03829988 415.73540051
2.37108346 399.05318974
-0.97287433 382.05621909
-2.97295685 364.84928052
-3.61683295 347.53846053
-2.90053291 330.23048608
-0.82847296 313.03206660
2.58657195 296.04923606
7.32354696 279.38669925
13.35324702 263.14718626
20.63849703 247.43081908
29.13438100 232.33449434
38.78851899 217.95128591
49.54139002 204.36987104
61.32669907 191.67398369
74.07178578 179.94189820
87.69807246 169.24594680
102.12154852 159.65207358
117.25328844 151.21942796
133.00000000 144.00000000
149.26459949 138.03829988
165.94681026 133.37108346
182.94378091 130.02712567
200.15071948 128.02704315
217.46153947 127.38316705
234.76951392 128.09946709
251.96793340 130.17152704
268.95076394 133.58657195
285.61330075 138.32354696
301.85281374 144.35324702
317.56918092 151.63849703
332.66550566 160.13438100
347.04871409 169.78851899
360.63012896 180.54139002
373.32601631 192.32669907
385.05810180 205.07178578
395.75405320 218.69807246
405.34792642 233.12154852
413.78057204 248.25328844
421.00000000 264.00000000
426.96170012 280.26459949
431.62891654 296.94681026
434.97287433 313.94378091
436.97295685 331.15071948
437.61683295 348.46153947
436.90053291 365.76951392
434.82847296 382.96793340
431.41342805 399.95076394
426.67645304 416.61330075
420.64675298 432.85281374
413.36150297 448.56918092
404.86561900 463.66550566
395.21148101 478.04871409
384.45860998 491.63012896
372.67330093 504.32601631
359.92821422 516.05810180
346.30192754 526.75405320
331.87845148 536.34792642
316.74671156 544.78057204
